   0.0000000e+00   7.7954348e-01   1.6545652e-01   9.5070000e-02
   1.0000000e+00   7.7986564e-01   1.6851118e-01   9.7236202e-02
   2.0000000e+00   7.8018591e-01   1.7154793e-01   9.9389699e-02
   3.0000000e+00   7.8050430e-01   1.7456686e-01   1.0153056e-01
   4.0000000e+00   7.8082083e-01   1.7756808e-01   1.0365887e-01
   5.0000000e+00   7.8113550e-01   1.8055170e-01   1.0577470e-01
   6.0000000e+00   7.8144832e-01   1.8351782e-01   1.0787811e-01
   7.0000000e+00   7.8175931e-01   1.8646654e-01   1.0996918e-01
   8.0000000e+00   7.8206848e-01   1.8939796e-01   1.1204799e-01
   9.0000000e+00   7.8237583e-01   1.9231219e-01   1.1411461e-01
   1.0000000e+01   7.8267690e-01   1.9512148e-01   1.1616166e-01
   1.1000000e+01   7.8043260e-01   1.9357310e-01   1.1556600e-01
   1.2000000e+01   7.7844436e-01   1.9250844e-01   1.1506394e-01
   1.3000000e+01   7.7668309e-01   1.9156423e-01   1.1459600e-01
   1.4000000e+01   7.7512296e-01   1.9072676e-01   1.1415960e-01
   1.5000000e+01   7.7374109e-01   1.8998388e-01   1.1375239e-01
   1.6000000e+01   7.7251720e-01   1.8932484e-01   1.1337220e-01
   1.7000000e+01   7.7143332e-01   1.8874009e-01   1.1301703e-01
   1.8000000e+01   7.7047352e-01   1.8822118e-01   1.1268504e-01
   1.9000000e+01   7.6962369e-01   1.8776061e-01   1.1237453e-01
   2.0000000e+01   7.6887305e-01   1.8735727e-01   1.1208796e-01
   2.1000000e+01   7.6920604e-01   1.9027946e-01   1.1421012e-01
   2.2000000e+01   7.6953708e-01   1.9318450e-01   1.1631984e-01
   2.3000000e+01   7.6986617e-01   1.9607250e-01   1.1841718e-01
   2.4000000e+01   7.7019333e-01   1.9894356e-01   1.2050221e-01
   2.5000000e+01   7.7051858e-01   2.0179778e-01   1.2257502e-01
   2.6000000e+01   7.7084191e-01   2.0463526e-01   1.2463567e-01
   2.7000000e+01   7.7116335e-01   2.0745610e-01   1.2668423e-01
   2.8000000e+01   7.7148291e-01   2.1026039e-01   1.2872077e-01
   2.9000000e+01   7.7180059e-01   2.1304823e-01   1.3074537e-01
   3.0000000e+01   7.7211061e-01   2.1572557e-01   1.3274814e-01
   3.1000000e+01   7.6913374e-01   2.1375404e-01   1.3109799e-01
   3.2000000e+01   7.6649711e-01   2.1233583e-01   1.2962805e-01
   3.3000000e+01   7.6416204e-01   2.1107767e-01   1.2825916e-01
   3.4000000e+01   7.6209421e-01   2.0996134e-01   1.2698385e-01
   3.5000000e+01   7.6026322e-01   2.0897071e-01   1.2579524e-01
   3.6000000e+01   7.5864212e-01   2.0809145e-01   1.2468696e-01
   3.7000000e+01   7.5720703e-01   2.0731090e-01   1.2365313e-01
   3.8000000e+01   7.5593679e-01   2.0661782e-01   1.2268833e-01
   3.9000000e+01   7.5481264e-01   2.0600225e-01   1.2178755e-01
   4.0000000e+01   7.5382011e-01   2.0546095e-01   1.2095107e-01
   4.1000000e+01   7.5417487e-01   2.0829264e-01   1.2307208e-01
   4.2000000e+01   7.5452754e-01   2.1110772e-01   1.2518064e-01
   4.3000000e+01   7.5487815e-01   2.1390628e-01   1.2727684e-01
   4.4000000e+01   7.5522670e-01   2.1668843e-01   1.2936074e-01
   4.5000000e+01   7.5557321e-01   2.1945426e-01   1.3143242e-01
   4.6000000e+01   7.5591768e-01   2.2220387e-01   1.3349194e-01
   4.7000000e+01   7.5626014e-01   2.2493735e-01   1.3553939e-01
   4.8000000e+01   7.5660058e-01   2.2765480e-01   1.3757482e-01
   4.9000000e+01   7.5693903e-01   2.3035630e-01   1.3959832e-01
   5.0000000e+01   7.5726938e-01   2.3294747e-01   1.4159842e-01
   5.1000000e+01   7.5412741e-01   2.3087817e-01   1.3944146e-01
   5.2000000e+01   7.5134524e-01   2.2937394e-01   1.3750981e-01
   5.3000000e+01   7.4888194e-01   2.2803892e-01   1.3570879e-01
   5.4000000e+01   7.4670123e-01   2.2685385e-01   1.3402885e-01
   5.5000000e+01   7.4477096e-01   2.2580166e-01   1.3246118e-01
   5.6000000e+01   7.4306264e-01   2.2486723e-01   1.3099763e-01
   5.7000000e+01   7.4155101e-01   2.2403714e-01   1.2963068e-01
   5.8000000e+01   7.4021369e-01   2.2329951e-01   1.2835338e-01
   5.9000000e+01   7.3903084e-01   2.2264382e-01   1.2715930e-01
   6.0000000e+01   7.3798717e-01   2.2206626e-01   1.2604786e-01
   6.1000000e+01   7.3836664e-01   2.2482522e-01   1.2818245e-01
   6.2000000e+01   7.3874388e-01   2.2756801e-01   1.3030452e-01
   6.3000000e+01   7.3911890e-01   2.3029470e-01   1.3241415e-01
   6.4000000e+01   7.3949173e-01   2.3300540e-01   1.3451140e-01
   6.5000000e+01   7.3986237e-01   2.3570020e-01   1.3659635e-01
   6.6000000e+01   7.4023084e-01   2.3837919e-01   1.3866907e-01
   6.7000000e+01   7.4059714e-01   2.4104247e-01   1.4072963e-01
   6.8000000e+01   7.4096130e-01   2.4369012e-01   1.4277811e-01
   6.9000000e+01   7.4132332e-01   2.4632225e-01   1.4481457e-01
   7.0000000e+01   7.4167704e-01   2.4884558e-01   1.4682646e-01
   7.1000000e+01   7.3852377e-01   2.4676639e-01   1.4441077e-01
   7.2000000e+01   7.3573229e-01   2.4524878e-01   1.4224633e-01
   7.3000000e+01   7.3326147e-01   2.4390130e-01   1.4022554e-01
   7.4000000e+01   7.3107481e-01   2.4270457e-01   1.3833801e-01
   7.5000000e+01   7.2913999e-01   2.4164142e-01   1.3657414e-01
   7.6000000e+01   7.2742836e-01   2.4069665e-01   1.3492508e-01
   7.7000000e+01   7.2591451e-01   2.3985677e-01   1.3338262e-01
   7.8000000e+01   7.2457594e-01   2.3910984e-01   1.3193918e-01
   7.9000000e+01   7.2339271e-01   2.3844526e-01   1.3058774e-01
   8.0000000e+01   7.2234946e-01   2.3785909e-01   1.2932747e-01
   8.1000000e+01   7.2275420e-01   2.4055375e-01   1.3148096e-01
   8.2000000e+01   7.2315656e-01   2.4323259e-01   1.3362181e-01
   8.3000000e+01   7.2355656e-01   2.4589573e-01   1.3575011e-01
   8.4000000e+01   7.2395421e-01   2.4854324e-01   1.3786593e-01
   8.5000000e+01   7.2434953e-01   2.5117522e-01   1.3996934e-01
   8.6000000e+01   7.2474253e-01   2.5379177e-01   1.4206041e-01
   8.7000000e+01   7.2513323e-01   2.5639297e-01   1.4413921e-01
   8.8000000e+01   7.2552163e-01   2.5897891e-01   1.4620582e-01
   8.9000000e+01   7.2590776e-01   2.6154968e-01   1.4826030e-01
   9.0000000e+01   7.2628546e-01   2.6401346e-01   1.5028926e-01
   9.1000000e+01   7.2316004e-01   2.6194661e-01   1.4772976e-01
   9.2000000e+01   7.2039394e-01   2.6043428e-01   1.4543836e-01
   9.3000000e+01   7.1794630e-01   2.5909088e-01   1.4329620e-01
   9.4000000e+01   7.1578088e-01   2.5789715e-01   1.4129262e-01
   9.5000000e+01   7.1386557e-01   2.5683605e-01   1.3941773e-01
   9.6000000e+01   7.1217192e-01   2.5589248e-01   1.3766242e-01
   9.7000000e+01   7.1067469e-01   2.5505305e-01   1.3601823e-01
   9.8000000e+01   7.0935155e-01   2.5430589e-01   1.3447736e-01
   9.9000000e+01   7.0818269e-01   2.5364049e-01   1.3303259e-01
   1.0000000e+02   7.0715287e-01   2.5305286e-01   1.3168303e-01
   1.0100000e+02   7.0758268e-01   2.5568784e-01   1.3385733e-01
   1.0200000e+02   7.0800997e-01   2.5830736e-01   1.3601887e-01
   1.0300000e+02   7.0843474e-01   2.6091152e-01   1.3816773e-01
   1.0400000e+02   7.0885703e-01   2.6350040e-01   1.4030398e-01
   1.0500000e+02   7.0927684e-01   2.6607409e-01   1.4242771e-01
   1.0600000e+02   7.0969419e-01   2.6863269e-01   1.4453898e-01
   1.0700000e+02   7.1010909e-01   2.7117628e-01   1.4663786e-01
   1.0800000e+02   7.1052155e-01   2.7370495e-01   1.4872444e-01
   1.0900000e+02   7.1093160e-01   2.7621879e-01   1.5079877e-01
   1.1000000e+02   7.1133310e-01   2.7862742e-01   1.5284674e-01
   1.1100000e+02   7.0824388e-01   2.7657761e-01   1.5019825e-01
   1.1200000e+02   7.0551054e-01   2.7507469e-01   1.4783021e-01
   1.1300000e+02   7.0309259e-01   2.7373902e-01   1.4561366e-01
   1.1400000e+02   7.0095414e-01   2.7255156e-01   1.4353786e-01
   1.1500000e+02   6.9906341e-01   2.7149541e-01   1.4159289e-01
   1.1600000e+02   6.9739220e-01   2.7055563e-01   1.3976958e-01
   1.1700000e+02   6.9591553e-01   2.6971895e-01   1.3805941e-01
   1.1800000e+02   6.9461128e-01   2.6897362e-01   1.3645454e-01
   1.1900000e+02   6.9345982e-01   2.6830923e-01   1.3494769e-01
   1.2000000e+02   6.9244611e-01   2.6772180e-01   1.3353806e-01
   1.2100000e+02   6.9290052e-01   2.7030014e-01   1.3573373e-01
   1.2200000e+02   6.9335226e-01   2.7286336e-01   1.3791651e-01
   1.2300000e+02   6.9380136e-01   2.7541154e-01   1.4008650e-01
   1.2400000e+02   6.9424782e-01   2.7794478e-01   1.4224375e-01
   1.2500000e+02   6.9469166e-01   2.8046315e-01   1.4438835e-01
   1.2600000e+02   6.9513290e-01   2.8296676e-01   1.4652037e-01
   1.2700000e+02   6.9557155e-01   2.8545568e-01   1.4863989e-01
   1.2800000e+02   6.9600762e-01   2.8793000e-01   1.5074698e-01
   1.2900000e+02   6.9644114e-01   2.9038981e-01   1.5284170e-01
   1.3000000e+02   6.9686600e-01   2.9274613e-01   1.5490931e-01
