   0.0000000e+00   7.7954348e-01   1.6545652e-01   9.5070000e-02
   1.0000000e+00   7.8073051e-01   1.7008588e-01   1.0164695e-01
   2.0000000e+00   7.8190181e-01   1.7465306e-01   1.0813745e-01
   3.0000000e+00   7.8305758e-01   1.7915973e-01   1.1454267e-01
   4.0000000e+00   7.8419803e-01   1.8360669e-01   1.2086373e-01
   5.0000000e+00   7.8532336e-01   1.8799474e-01   1.2710175e-01
   6.0000000e+00   7.8643377e-01   1.9232465e-01   1.3325782e-01
   7.0000000e+00   7.8752946e-01   1.9659719e-01   1.3933302e-01
   8.0000000e+00   7.8861062e-01   2.0081311e-01   1.4532842e-01
   9.0000000e+00   7.8967744e-01   2.0497316e-01   1.5124507e-01
   1.0000000e+01   7.9071197e-01   2.0890865e-01   1.5705942e-01
   1.1000000e+01   7.8203502e-01   2.0629606e-01   1.5177668e-01
   1.2000000e+01   7.7534099e-01   2.0459521e-01   1.4754073e-01
   1.3000000e+01   7.7017918e-01   2.0327055e-01   1.4409679e-01
   1.4000000e+01   7.6620130e-01   2.0223661e-01   1.4129447e-01
   1.5000000e+01   7.6313823e-01   2.0142735e-01   1.3901211e-01
   1.6000000e+01   7.6078200e-01   2.0079171e-01   1.3715126e-01
   1.7000000e+01   7.5897191e-01   2.0029026e-01   1.3563224e-01
   1.8000000e+01   7.5758381e-01   1.9989250e-01   1.3439057e-01
   1.9000000e+01   7.5652173e-01   1.9957488e-01   1.3337400e-01
   2.0000000e+01   7.5571491e-01   1.9932672e-01   1.3255192e-01
   2.1000000e+01   7.5701385e-01   2.0357995e-01   1.3876774e-01
   2.2000000e+01   7.5829559e-01   2.0777600e-01   1.4490184e-01
   2.3000000e+01   7.5956036e-01   2.1191644e-01   1.5095535e-01
   2.4000000e+01   7.6080839e-01   2.1600200e-01   1.5692932e-01
   2.5000000e+01   7.6203989e-01   2.2003341e-01   1.6282482e-01
   2.6000000e+01   7.6325509e-01   2.2401137e-01   1.6864287e-01
   2.7000000e+01   7.6445420e-01   2.2793660e-01   1.7438449e-01
   2.8000000e+01   7.6563742e-01   2.3180980e-01   1.8005069e-01
   2.9000000e+01   7.6680498e-01   2.3563164e-01   1.8564248e-01
   3.0000000e+01   7.6793640e-01   2.3923153e-01   1.9112497e-01
   3.1000000e+01   7.5801508e-01   2.3625504e-01   1.8059435e-01
   3.2000000e+01   7.5037104e-01   2.3426814e-01   1.7207095e-01
   3.3000000e+01   7.4448645e-01   2.3271391e-01   1.6509817e-01
   3.4000000e+01   7.3996119e-01   2.3149397e-01   1.5938506e-01
   3.5000000e+01   7.3648609e-01   2.3053229e-01   1.5469571e-01
   3.6000000e+01   7.3382231e-01   2.2977013e-01   1.5083883e-01
   3.7000000e+01   7.3178530e-01   2.2916209e-01   1.4765927e-01
   3.8000000e+01   7.3023247e-01   2.2867309e-01   1.4503117e-01
   3.9000000e+01   7.2905367e-01   2.2827600e-01   1.4285238e-01
   4.0000000e+01   7.2816750e-01   2.2795724e-01   1.4105304e-01
   4.1000000e+01   7.2961928e-01   2.3202692e-01   1.4717375e-01
   4.2000000e+01   7.3105185e-01   2.3604184e-01   1.5321397e-01
   4.3000000e+01   7.3246548e-01   2.4000353e-01   1.5917484e-01
   4.4000000e+01   7.3386042e-01   2.4391269e-01   1.6505739e-01
   4.5000000e+01   7.3523690e-01   2.4777001e-01   1.7086266e-01
   4.6000000e+01   7.3659517e-01   2.5157618e-01   1.7659167e-01
   4.7000000e+01   7.3793548e-01   2.5533186e-01   1.8224542e-01
   4.8000000e+01   7.3925806e-01   2.5903774e-01   1.8782491e-01
   4.9000000e+01   7.4056314e-01   2.6269445e-01   1.9333111e-01
   5.0000000e+01   7.4183001e-01   2.6613427e-01   1.9872646e-01
   5.1000000e+01   7.3189009e-01   2.6311579e-01   1.8769433e-01
   5.2000000e+01   7.2424131e-01   2.6108276e-01   1.7874542e-01
   5.3000000e+01   7.1836267e-01   2.5948470e-01   1.7138956e-01
   5.4000000e+01   7.1385159e-01   2.5822265e-01   1.6532934e-01
   5.5000000e+01   7.1039705e-01   2.5722013e-01   1.6032361e-01
   5.6000000e+01   7.0775874e-01   2.5641804e-01   1.5617672e-01
   5.7000000e+01   7.0575097e-01   2.5577073e-01   1.5272994e-01
   5.8000000e+01   7.0423031e-01   2.5524290e-01   1.4985444e-01
   5.9000000e+01   7.0308592e-01   2.5480730e-01   1.4744560e-01
   6.0000000e+01   7.0223608e-01   2.5445001e-01   1.4543175e-01
   6.1000000e+01   7.0383681e-01   2.5836699e-01   1.5149144e-01
   6.2000000e+01   7.0541638e-01   2.6223124e-01   1.5747144e-01
   6.3000000e+01   7.0697508e-01   2.6604422e-01   1.6337287e-01
   6.4000000e+01   7.0851319e-01   2.6980663e-01   1.6919676e-01
   6.5000000e+01   7.1003096e-01   2.7351912e-01   1.7494415e-01
   6.6000000e+01   7.1152867e-01   2.7718236e-01   1.8061603e-01
   6.7000000e+01   7.1300659e-01   2.8079699e-01   1.8621340e-01
   6.8000000e+01   7.1446497e-01   2.8436366e-01   1.9173725e-01
   6.9000000e+01   7.1590408e-01   2.8788299e-01   1.9718855e-01
   7.0000000e+01   7.1730303e-01   2.9118980e-01   2.0252825e-01
   7.1000000e+01   7.0738872e-01   2.8814226e-01   1.9155809e-01
   7.2000000e+01   6.9976858e-01   2.8607403e-01   1.8264522e-01
   7.3000000e+01   6.9392093e-01   2.8444096e-01   1.7528728e-01
   7.4000000e+01   6.8944270e-01   2.8314400e-01   1.6919530e-01
   7.5000000e+01   6.8602242e-01   2.8210659e-01   1.6413493e-01
   7.6000000e+01   6.8341948e-01   2.8126958e-01   1.5991599e-01
   7.7000000e+01   6.8144795e-01   2.8058728e-01   1.5638416e-01
   7.8000000e+01   6.7996418e-01   2.8002437e-01   1.5341413e-01
   7.9000000e+01   6.7885720e-01   2.7955357e-01   1.5090412e-01
   8.0000000e+01   6.7804534e-01   2.7916078e-01   1.4878478e-01
   8.1000000e+01   6.7978785e-01   2.8293733e-01   1.5479237e-01
   8.2000000e+01   6.8150735e-01   2.8666301e-01   1.6072093e-01
   8.3000000e+01   6.8320414e-01   2.9033925e-01   1.6657160e-01
   8.4000000e+01   6.8487852e-01   2.9396670e-01   1.7234540e-01
   8.5000000e+01   6.8653079e-01   2.9754601e-01   1.7804334e-01
   8.6000000e+01   6.8816123e-01   3.0107780e-01   1.8366643e-01
   8.7000000e+01   6.8977013e-01   3.0456271e-01   1.8921566e-01
   8.8000000e+01   6.9135778e-01   3.0800136e-01   1.9469200e-01
   8.9000000e+01   6.9292446e-01   3.1139435e-01   2.0009640e-01
   9.0000000e+01   6.9444913e-01   3.1457878e-01   2.0538866e-01
   9.1000000e+01   6.8455348e-01   3.1150205e-01   1.9455126e-01
   9.2000000e+01   6.7695604e-01   3.0939946e-01   1.8573445e-01
   9.3000000e+01   6.7113421e-01   3.0773244e-01   1.7842746e-01
   9.4000000e+01   6.6668421e-01   3.0640180e-01   1.7235092e-01
   9.5000000e+01   6.6329406e-01   3.0533088e-01   1.6727816e-01
   9.6000000e+01   6.6072269e-01   3.0446047e-01   1.6302528e-01
   9.7000000e+01   6.5878387e-01   3.0374478e-01   1.5944296e-01
   9.8000000e+01   6.5733369e-01   3.0314848e-01   1.5640994e-01
   9.9000000e+01   6.5626097e-01   3.0264425e-01   1.5382769e-01
   1.0000000e+02   6.5548406e-01   3.0221779e-01   1.5162953e-01
   1.0100000e+02   6.5736055e-01   3.0586355e-01   1.5759017e-01
   1.0200000e+02   6.5921227e-01   3.0946017e-01   1.6347240e-01
   1.0300000e+02   6.6103954e-01   3.1300904e-01   1.6927734e-01
   1.0400000e+02   6.6284269e-01   3.1651079e-01   1.7500601e-01
   1.0500000e+02   6.6462204e-01   3.1996604e-01   1.8065942e-01
   1.0600000e+02   6.6637789e-01   3.2337541e-01   1.8623856e-01
   1.0700000e+02   6.6811056e-01   3.2673949e-01   1.9174442e-01
   1.0800000e+02   6.6982036e-01   3.3005890e-01   1.9717795e-01
   1.0900000e+02   6.7150758e-01   3.3333422e-01   2.0254011e-01
   1.1000000e+02   6.7315103e-01   3.3640461e-01   2.0778966e-01
   1.1100000e+02   6.6326908e-01   3.3329926e-01   1.9709309e-01
   1.1200000e+02   6.5568993e-01   3.3116353e-01   1.8838062e-01
   1.1300000e+02   6.4988997e-01   3.2946395e-01   1.8113449e-01
   1.1400000e+02   6.4546462e-01   3.2810114e-01   1.7508442e-01
   1.1500000e+02   6.4210126e-01   3.2699832e-01   1.7001117e-01
   1.1600000e+02   6.3955835e-01   3.2609616e-01   1.6573678e-01
   1.1700000e+02   6.3764928e-01   3.2534885e-01   1.6211674e-01
   1.1800000e+02   6.3622984e-01   3.2472096e-01   1.5903366e-01
   1.1900000e+02   6.3518864e-01   3.2418515e-01   1.5639213e-01
   1.2000000e+02   6.3444400e-01   3.2372695e-01   1.5412799e-01
   1.2100000e+02   6.3644650e-01   3.2725072e-01   1.6004573e-01
   1.2200000e+02   6.3842258e-01   3.3072697e-01   1.6588562e-01
   1.2300000e+02   6.4037258e-01   3.3415705e-01   1.7164877e-01
   1.2400000e+02   6.4229685e-01   3.3754156e-01   1.7733620e-01
   1.2500000e+02   6.4419572e-01   3.4088111e-01   1.8294892e-01
   1.2600000e+02   6.4606954e-01   3.4417629e-01   1.8848790e-01
   1.2700000e+02   6.4791862e-01   3.4742769e-01   1.9395411e-01
   1.2800000e+02   6.4974331e-01   3.5063588e-01   1.9934853e-01
   1.2900000e+02   6.5154391e-01   3.5380144e-01   2.0467210e-01
   1.3000000e+02   6.5329908e-01   3.5676547e-01   2.0988263e-01
